1	20
1	500
2	479
2	499
3	40
3	435
4	459
4	485
5	363
5	385
6	373
6	494
7	377
7	497
8	283
8	403
9	259
9	492
10	72
10	484
11	492
11	500
12	223
12	405
13	166
13	455
14	483
14	493
15	397
15	498
16	403
16	441
17	180
17	450
18	389
18	464
19	34
19	289
20	1
20	462
21	350
21	425
22	468
22	497
23	493
23	498
24	217
24	470
25	332
25	423
26	468
26	497
27	369
27	425
28	210
28	342
29	486
29	499
30	336
30	494
31	182
31	457
32	150
32	353
33	62
33	441
34	19
34	410
35	126
35	426
36	136
36	468
37	44
37	431
38	409
38	497
39	484
39	494
40	3
40	402
41	445
41	497
42	438
42	499
43	214
43	488
44	37
44	309
45	301
45	498
46	87
46	408
47	48
47	469
48	47
48	472
49	282
49	496
50	360
50	459
51	433
51	482
52	476
52	495
53	242
53	499
54	84
54	193
55	338
55	457
56	351
56	495
57	476
57	495
58	88
58	309
59	403
59	490
60	308
60	320
61	331
61	374
62	33
62	488
63	121
63	489
64	222
64	460
65	489
65	500
66	493
66	494
67	239
67	442
68	414
68	487
69	390
69	447
70	385
70	461
71	448
71	484
72	10
72	80
73	118
73	254
74	243
74	457
75	451
75	475
76	434
76	444
77	187
77	377
78	189
78	420
79	471
79	497
80	72
80	434
81	366
81	399
82	498
82	499
83	309
83	446
84	54
84	370
85	479
85	499
86	254
86	427
87	46
87	262
88	58
88	246
89	478
89	498
90	403
90	477
91	407
91	476
92	127
92	500
93	223
93	494
94	449
94	496
95	184
95	451
96	484
96	496
97	163
97	459
98	151
98	360
99	171
99	462
100	486
100	497
101	397
101	400
102	474
102	483
103	196
103	282
104	406
104	499
105	241
105	445
106	206
106	226
107	359
107	369
108	199
108	487
109	277
109	484
110	465
110	473
111	410
111	499
112	378
112	407
113	311
113	476
114	322
114	499
115	424
115	462
116	382
116	474
117	480
117	496
118	73
118	317
119	291
119	493
120	255
120	396
121	63
121	452
122	170
122	489
123	241
123	485
124	148
124	360
125	486
125	488
126	35
126	492
127	92
127	495
128	302
128	491
129	450
129	475
130	352
130	362
131	266
131	486
132	420
132	500
133	411
133	495
134	144
134	480
135	252
135	422
136	36
136	479
137	310
137	485
138	237
138	372
139	266
139	348
140	469
140	499
141	469
141	483
142	200
142	488
143	192
143	419
144	134
144	411
145	497
145	498
146	210
146	404
147	202
147	416
148	124
148	151
149	466
149	488
150	32
150	468
151	98
151	148
152	477
152	493
153	388
153	499
154	349
154	486
155	214
155	460
156	173
156	437
157	216
157	453
158	459
158	484
159	446
159	486
160	411
160	498
161	219
161	225
162	466
162	484
163	97
163	495
164	270
164	305
165	398
165	494
166	13
166	433
167	461
167	494
168	388
168	489
169	335
169	500
170	122
170	500
171	99
171	469
172	471
172	496
173	156
173	182
174	480
174	500
175	246
175	402
176	476
176	482
177	449
177	488
178	492
178	498
179	312
179	477
180	17
180	490
181	440
181	495
182	31
182	173
183	294
183	412
184	95
184	349
185	377
185	482
186	422
186	489
187	77
187	498
188	375
188	468
188	489
189	78
189	300
189	466
190	327
190	438
190	442
191	351
191	464
191	466
192	143
192	251
192	435
193	54
193	455
193	491
194	348
194	467
194	473
195	308
195	429
195	492
196	103
196	347
196	461
197	490
197	493
197	500
198	316
198	334
198	461
199	108
199	426
199	437
200	142
200	423
200	460
201	475
201	495
201	499
202	147
202	215
202	371
203	448
203	471
203	490
204	383
204	397
204	423
205	364
205	465
205	473
206	106
206	415
206	439
207	481
207	492
207	495
208	362
208	456
208	497
209	243
209	358
209	493
210	28
210	146
210	272
211	376
211	381
211	465
212	307
212	409
212	471
213	350
213	413
213	476
214	43
214	155
214	364
215	202
215	373
215	384
216	157
216	383
216	437
217	24
217	483
217	495
218	265
218	469
218	483
219	161
219	463
219	488
220	267
220	280
220	496
221	382
221	460
221	474
222	64
222	368
222	462
223	12
223	93
223	319
224	406
224	487
224	498
225	161
225	358
225	461
226	106
226	484
226	500
227	385
227	470
227	499
228	423
228	493
228	500
229	480
229	481
229	495
230	395
230	471
230	473
231	293
231	375
231	477
232	389
232	478
232	489
233	321
233	370
233	489
234	402
234	447
234	487
235	336
235	469
235	470
236	288
236	312
236	492
237	138
237	391
237	396
238	266
238	269
238	498
239	67
239	322
239	471
240	331
240	412
240	496
241	105
241	123
241	403
242	53
242	404
242	487
243	74
243	209
243	499
244	280
244	413
244	495
245	353
245	479
245	497
246	88
246	175
246	472
247	425
247	475
247	499
248	436
248	449
248	497
249	330
249	462
249	492
250	394
250	459
250	481
251	192
251	354
251	491
252	135
252	411
252	476
253	386
253	417
253	439
254	73
254	86
254	492
255	120
255	479
255	496
256	377
256	475
256	497
257	468
257	497
257	499
258	292
258	490
258	495
259	9
259	479
259	492
260	444
260	462
260	466
261	290
261	349
261	490
262	87
262	338
262	466
263	391
263	448
263	464
264	387
264	455
264	492
265	218
265	335
265	352
266	131
266	139
266	238
267	220
267	495
267	496
268	421
268	476
268	490
269	238
269	488
269	500
270	164
270	479
270	497
271	438
271	444
271	476
272	210
272	395
272	439
273	424
273	443
273	467
274	413
274	499
274	500
275	469
275	472
275	478
276	393
276	460
276	498
277	109
277	393
277	452
278	482
278	493
278	495
279	464
279	494
279	500
280	220
280	244
280	346
281	481
281	482
281	500
282	49
282	103
282	386
282	457
283	8
283	340
283	406
283	486
284	338
284	441
284	443
284	450
285	473
285	474
285	484
285	493
286	332
286	431
286	444
286	469
287	300
287	458
287	494
287	498
288	236
288	319
288	353
288	381
289	19
289	336
289	394
289	482
290	261
290	459
290	467
290	473
291	119
291	405
291	468
291	489
292	258
292	420
292	425
292	467
293	231
293	327
293	342
293	493
294	183
294	297
294	387
294	490
295	453
295	456
295	489
295	499
296	331
296	411
296	448
296	496
297	294
297	359
297	419
297	500
298	402
298	408
298	427
298	498
299	434
299	490
299	497
299	499
300	189
300	287
300	499
300	500
301	45
301	373
301	464
301	486
302	128
302	346
302	349
302	436
303	324
303	471
303	492
303	496
304	305
304	311
304	331
304	492
305	164
305	304
305	468
305	487
306	397
306	463
306	466
306	491
307	212
307	400
307	491
307	492
308	60
308	195
308	406
308	453
309	44
309	58
309	83
309	338
310	137
310	423
310	451
310	473
311	113
311	304
311	492
311	494
312	179
312	236
312	465
312	484
313	325
313	480
313	488
313	496
314	465
314	490
314	494
314	500
315	344
315	391
315	481
315	487
316	198
316	361
316	469
316	494
317	118
317	387
317	480
317	496
318	458
318	464
318	492
318	498
319	223
319	288
319	467
319	496
320	60
320	398
320	493
320	500
321	233
321	452
321	474
321	500
322	114
322	239
322	368
322	492
323	368
323	482
323	490
323	492
324	303
324	378
324	496
324	500
325	313
325	443
325	452
325	493
326	432
326	451
326	467
326	483
327	190
327	293
327	454
327	487
328	339
328	415
328	472
328	494
329	434
329	479
329	480
329	487
330	249
330	338
330	354
330	428
331	61
331	240
331	296
331	304
331	476
332	25
332	286
332	476
332	486
332	496
333	445
333	455
333	478
333	487
333	498
334	198
334	452
334	469
334	497
334	500
335	169
335	265
335	399
335	489
335	495
336	30
336	235
336	289
336	418
336	491
337	399
337	408
337	409
337	453
337	496
338	55
338	262
338	284
338	309
338	330
339	328
339	433
339	437
339	481
339	495
340	283
340	419
340	428
340	486
340	493
341	361
341	414
341	439
341	458
341	492
342	28
342	293
342	427
342	437
342	446
343	380
343	401
343	414
343	453
343	490
344	315
344	389
344	404
344	428
344	480
345	407
345	441
345	451
345	478
345	498
346	280
346	302
346	425
346	472
346	491
347	196
347	413
347	418
347	457
347	488
348	139
348	194
348	414
348	450
348	480
349	154
349	184
349	261
349	302
349	489
350	21
350	213
350	359
350	449
350	463
351	56
351	191
351	476
351	492
351	496
352	130
352	265
352	431
352	473
352	495
353	32
353	245
353	288
353	479
353	500
354	251
354	330
354	457
354	486
354	496
355	356
355	392
355	393
355	416
355	469
356	355
356	425
356	432
356	435
356	442
357	363
357	430
357	481
357	493
357	500
358	209
358	225
358	395
358	437
358	484
359	107
359	297
359	350
359	449
359	496
360	50
360	98
360	124
360	438
360	474
361	316
361	341
361	395
361	429
361	456
362	130
362	208
362	400
362	472
362	491
363	5
363	357
363	408
363	471
363	490
364	205
364	214
364	418
364	450
364	489
365	371
365	425
365	491
365	497
365	499
366	81
366	412
366	476
366	486
366	487
367	427
367	434
367	437
367	441
367	475
368	222
368	322
368	323
368	385
368	430
369	27
369	107
369	416
369	494
369	498
370	84
370	233
370	440
370	451
370	497
371	202
371	365
371	487
371	489
371	497
372	138
372	400
372	446
372	493
372	494
373	6
373	215
373	301
373	468
373	486
374	61
374	400
374	417
374	470
374	495
375	188
375	231
375	421
375	490
375	491
375	495
376	211
376	409
376	458
376	471
376	487
376	498
377	7
377	77
377	185
377	256
377	426
377	482
378	112
378	324
378	379
378	389
378	438
378	494
379	378
379	380
379	410
379	472
379	497
379	500
380	343
380	379
380	401
380	426
380	431
380	490
381	211
381	288
381	384
381	472
381	483
381	500
382	116
382	221
382	467
382	473
382	477
382	496
383	204
383	216
383	423
383	462
383	466
383	477
384	215
384	381
384	442
384	474
384	483
384	500
385	5
385	70
385	227
385	368
385	476
385	490
386	253
386	282
386	455
386	470
386	477
386	484
387	264
387	294
387	317
387	479
387	493
387	495
388	153
388	168
388	409
388	463
388	468
388	470
388	482
389	18
389	232
389	344
389	378
389	428
389	454
389	464
390	69
390	413
390	418
390	445
390	489
390	493
390	499
391	237
391	263
391	315
391	456
391	458
391	469
391	498
392	355
392	399
392	405
392	436
392	448
392	484
392	499
393	276
393	277
393	355
393	455
393	487
393	498
393	499
394	250
394	289
394	428
394	457
394	463
394	491
394	495
395	230
395	272
395	358
395	361
395	435
395	485
395	497
396	120
396	237
396	438
396	452
396	463
396	485
396	500
397	15
397	101
397	204
397	306
397	453
397	481
397	491
398	165
398	320
398	431
398	443
398	470
398	485
398	493
399	81
399	335
399	337
399	392
399	421
399	426
399	445
400	101
400	307
400	362
400	372
400	374
400	421
400	475
401	343
401	380
401	431
401	439
401	478
401	490
401	497
402	40
402	175
402	234
402	298
402	443
402	491
402	495
403	8
403	16
403	59
403	90
403	241
403	470
403	495
404	146
404	242
404	344
404	422
404	472
404	488
404	496
405	12
405	291
405	392
405	416
405	418
405	436
405	498
406	104
406	224
406	283
406	308
406	454
406	465
406	492
406	496
407	91
407	112
407	345
407	419
407	448
407	475
407	489
407	499
408	46
408	298
408	337
408	363
408	456
408	481
408	483
408	491
409	38
409	212
409	337
409	376
409	388
409	460
409	466
409	481
410	34
410	111
410	379
410	462
410	485
410	493
410	495
410	500
411	133
411	144
411	160
411	252
411	296
411	449
411	452
411	476
412	183
412	240
412	366
412	419
412	454
412	483
412	486
412	489
413	213
413	244
413	274
413	347
413	390
413	448
413	497
413	498
414	68
414	341
414	343
414	348
414	456
414	475
414	498
414	499
415	206
415	328
415	432
415	452
415	477
415	482
415	483
415	485
416	147
416	355
416	369
416	405
416	458
416	491
416	497
416	499
417	253
417	374
417	462
417	465
417	467
417	473
417	485
417	500
418	336
418	347
418	364
418	390
418	405
418	427
418	450
418	457
419	143
419	297
419	340
419	407
419	412
419	422
419	479
419	498
420	78
420	132
420	292
420	469
420	487
420	489
420	493
420	500
421	268
421	375
421	399
421	400
421	453
421	485
421	495
421	499
422	135
422	186
422	404
422	419
422	428
422	458
422	479
422	496
423	25
423	200
423	204
423	228
423	310
423	383
423	429
423	434
423	500
424	115
424	273
424	436
424	450
424	456
424	489
424	496
424	497
424	498
425	21
425	27
425	247
425	292
425	346
425	356
425	365
425	475
425	497
426	35
426	199
426	377
426	380
426	399
426	456
426	460
426	470
426	495
427	86
427	298
427	342
427	367
427	418
427	429
427	453
427	466
427	494
428	330
428	340
428	344
428	389
428	394
428	422
428	492
428	496
428	499
429	195
429	361
429	423
429	427
429	441
429	446
429	475
429	480
429	484
430	357
430	368
430	446
430	463
430	482
430	490
430	491
430	494
430	495
431	37
431	286
431	352
431	380
431	398
431	401
431	460
431	461
431	490
432	326
432	356
432	415
432	477
432	483
432	485
432	493
432	498
432	500
433	51
433	166
433	339
433	452
433	456
433	463
433	474
433	481
433	482
433	491
434	76
434	80
434	299
434	329
434	367
434	423
434	453
434	455
434	466
434	473
435	3
435	192
435	356
435	395
435	436
435	458
435	476
435	477
435	497
435	498
436	248
436	302
436	392
436	405
436	424
436	435
436	441
436	442
436	477
436	497
437	156
437	199
437	216
437	339
437	342
437	358
437	367
437	455
437	483
437	488
438	42
438	190
438	271
438	360
438	378
438	396
438	473
438	474
438	493
438	494
439	206
439	253
439	272
439	341
439	401
439	446
439	457
439	474
439	480
439	488
440	181
440	370
440	450
440	460
440	470
440	481
440	482
440	490
440	491
440	496
441	16
441	33
441	284
441	345
441	367
441	429
441	436
441	450
441	459
441	465
441	488
442	67
442	190
442	356
442	384
442	436
442	458
442	470
442	487
442	489
442	491
442	499
443	273
443	284
443	325
443	398
443	402
443	444
443	445
443	459
443	465
443	493
443	500
444	76
444	260
444	271
444	286
444	443
444	449
444	472
444	473
444	491
444	494
444	500
445	41
445	105
445	333
445	390
445	399
445	443
445	468
445	471
445	487
445	498
445	499
446	83
446	159
446	342
446	372
446	429
446	430
446	439
446	466
446	480
446	488
446	496
447	69
447	234
447	451
447	458
447	475
447	494
447	495
447	496
447	497
447	498
447	499
448	71
448	203
448	263
448	296
448	392
448	407
448	413
448	478
448	485
448	497
448	499
449	94
449	177
449	248
449	350
449	359
449	411
449	444
449	454
449	464
449	479
449	496
449	500
450	17
450	129
450	284
450	348
450	364
450	418
450	424
450	440
450	441
450	461
450	466
450	484
451	75
451	95
451	310
451	326
451	345
451	370
451	447
451	471
451	478
451	487
451	492
451	498
452	121
452	277
452	321
452	325
452	334
452	396
452	411
452	415
452	433
452	459
452	462
452	494
453	157
453	295
453	308
453	337
453	343
453	397
453	421
453	427
453	434
453	490
453	491
453	495
454	327
454	389
454	406
454	412
454	449
454	458
454	479
454	481
454	486
454	492
454	494
454	496
455	13
455	193
455	264
455	333
455	386
455	393
455	434
455	437
455	461
455	467
455	480
455	484
455	488
456	208
456	295
456	361
456	391
456	408
456	414
456	424
456	426
456	433
456	472
456	478
456	498
456	499
457	31
457	55
457	74
457	282
457	347
457	354
457	394
457	418
457	439
457	461
457	467
457	480
457	498
458	287
458	318
458	341
458	376
458	391
458	416
458	422
458	435
458	442
458	447
458	454
458	497
458	499
459	4
459	50
459	97
459	158
459	250
459	290
459	441
459	443
459	452
459	473
459	474
459	485
459	493
459	496
460	64
460	155
460	200
460	221
460	276
460	409
460	426
460	431
460	440
460	473
460	482
460	490
460	491
460	495
461	70
461	167
461	196
461	198
461	225
461	431
461	450
461	455
461	457
461	466
461	480
461	484
461	488
461	499
462	20
462	99
462	115
462	222
462	249
462	260
462	383
462	410
462	417
462	452
462	472
462	486
462	494
462	500
463	219
463	306
463	350
463	388
463	394
463	396
463	430
463	433
463	481
463	482
463	490
463	491
463	495
463	498
464	18
464	191
464	263
464	279
464	301
464	318
464	389
464	449
464	476
464	487
464	490
464	491
464	492
464	496
465	110
465	205
465	211
465	312
465	314
465	406
465	417
465	441
465	443
465	477
465	483
465	485
465	486
465	498
465	500
466	149
466	162
466	189
466	191
466	260
466	262
466	306
466	383
466	409
466	427
466	434
466	446
466	450
466	461
466	488
467	194
467	273
467	290
467	292
467	319
467	326
467	382
467	417
467	455
467	457
467	473
467	474
467	494
467	496
467	499
468	22
468	26
468	36
468	150
468	188
468	257
468	291
468	305
468	373
468	388
468	445
468	475
468	482
468	487
468	491
468	498
469	47
469	140
469	141
469	171
469	218
469	235
469	275
469	286
469	316
469	334
469	355
469	391
469	420
469	482
469	489
469	494
470	24
470	227
470	235
470	374
470	386
470	388
470	398
470	403
470	426
470	440
470	442
470	490
470	491
470	492
470	494
470	495
471	79
471	172
471	203
471	212
471	230
471	239
471	303
471	363
471	376
471	445
471	451
471	478
471	484
471	489
471	497
471	499
472	48
472	246
472	275
472	328
472	346
472	362
472	379
472	381
472	404
472	444
472	456
472	462
472	483
472	485
472	489
472	494
472	500
473	110
473	194
473	205
473	230
473	285
473	290
473	310
473	352
473	382
473	417
473	434
473	438
473	444
473	459
473	460
473	467
473	493
474	102
474	116
474	221
474	285
474	321
474	360
474	384
474	433
474	438
474	439
474	459
474	467
474	477
474	478
474	485
474	488
474	500
475	75
475	129
475	201
475	247
475	256
475	367
475	400
475	407
475	414
475	425
475	429
475	447
475	468
475	478
475	488
475	489
475	495
476	52
476	57
476	91
476	113
476	176
476	213
476	252
476	268
476	271
476	331
476	332
476	351
476	366
476	385
476	411
476	435
476	464
476	496
477	90
477	152
477	179
477	231
477	382
477	383
477	386
477	415
477	432
477	435
477	436
477	465
477	474
477	483
477	485
477	493
477	494
477	500
478	89
478	232
478	275
478	333
478	345
478	401
478	448
478	451
478	456
478	471
478	474
478	475
478	482
478	485
478	489
478	496
478	497
478	498
479	2
479	85
479	136
479	245
479	255
479	259
479	270
479	329
479	353
479	387
479	419
479	422
479	449
479	454
479	486
479	492
479	496
479	497
480	117
480	134
480	174
480	229
480	313
480	317
480	329
480	344
480	348
480	429
480	439
480	446
480	455
480	457
480	461
480	484
480	488
480	491
480	498
481	207
481	229
481	250
481	281
481	315
481	339
481	357
481	397
481	408
481	409
481	433
481	440
481	454
481	463
481	491
481	493
481	494
481	495
481	498
482	51
482	176
482	185
482	278
482	281
482	289
482	323
482	377
482	388
482	415
482	430
482	433
482	440
482	460
482	463
482	468
482	469
482	478
482	492
482	495
483	14
483	102
483	141
483	217
483	218
483	326
483	381
483	384
483	408
483	412
483	415
483	432
483	437
483	465
483	472
483	477
483	488
483	492
483	493
483	500
484	10
484	39
484	71
484	96
484	109
484	158
484	162
484	226
484	285
484	312
484	358
484	386
484	392
484	429
484	450
484	455
484	461
484	471
484	480
484	495
484	499
485	4
485	123
485	137
485	395
485	396
485	398
485	410
485	415
485	417
485	421
485	432
485	448
485	459
485	465
485	472
485	474
485	477
485	478
485	493
485	494
485	497
485	500
486	29
486	100
486	125
486	131
486	154
486	159
486	283
486	301
486	332
486	340
486	354
486	366
486	373
486	412
486	454
486	462
486	465
486	479
486	491
486	492
486	493
486	496
486	497
487	68
487	108
487	224
487	234
487	242
487	305
487	315
487	327
487	329
487	333
487	366
487	371
487	376
487	393
487	420
487	442
487	445
487	451
487	464
487	468
487	490
487	498
487	499
488	43
488	62
488	125
488	142
488	149
488	177
488	219
488	269
488	313
488	347
488	404
488	437
488	439
488	441
488	446
488	455
488	461
488	466
488	474
488	475
488	480
488	483
488	497
488	499
489	63
489	65
489	122
489	168
489	186
489	188
489	232
489	233
489	291
489	295
489	335
489	349
489	364
489	371
489	390
489	407
489	412
489	420
489	424
489	442
489	469
489	471
489	472
489	475
489	478
489	495
489	497
489	498
489	499
490	59
490	180
490	197
490	203
490	258
490	261
490	268
490	294
490	299
490	314
490	323
490	343
490	363
490	375
490	380
490	385
490	401
490	430
490	431
490	440
490	453
490	460
490	463
490	464
490	470
490	487
490	491
490	492
490	494
491	128
491	193
491	251
491	306
491	307
491	336
491	346
491	362
491	365
491	375
491	394
491	397
491	402
491	408
491	416
491	430
491	433
491	440
491	442
491	444
491	453
491	460
491	463
491	464
491	468
491	470
491	480
491	481
491	486
491	490
491	495
491	500
492	9
492	11
492	126
492	178
492	195
492	207
492	236
492	249
492	254
492	259
492	264
492	303
492	304
492	307
492	311
492	318
492	322
492	323
492	341
492	351
492	406
492	428
492	451
492	454
492	464
492	470
492	479
492	482
492	483
492	486
492	490
492	493
492	496
493	14
493	23
493	66
493	119
493	152
493	197
493	209
493	228
493	278
493	285
493	293
493	320
493	325
493	340
493	357
493	372
493	387
493	390
493	398
493	410
493	420
493	432
493	438
493	443
493	459
493	473
493	477
493	481
493	483
493	485
493	486
493	492
493	494
493	500
494	6
494	30
494	39
494	66
494	93
494	165
494	167
494	279
494	287
494	311
494	314
494	316
494	328
494	369
494	372
494	378
494	427
494	430
494	438
494	444
494	447
494	452
494	454
494	462
494	467
494	469
494	470
494	472
494	477
494	481
494	485
494	490
494	493
494	500
495	52
495	56
495	57
495	127
495	133
495	163
495	181
495	201
495	207
495	217
495	229
495	244
495	258
495	267
495	278
495	335
495	339
495	352
495	374
495	375
495	387
495	394
495	402
495	403
495	410
495	421
495	426
495	430
495	447
495	453
495	460
495	463
495	470
495	475
495	481
495	482
495	484
495	489
495	491
496	49
496	94
496	96
496	117
496	172
496	220
496	240
496	255
496	267
496	296
496	303
496	313
496	317
496	319
496	324
496	332
496	337
496	351
496	354
496	359
496	382
496	404
496	406
496	422
496	424
496	428
496	440
496	446
496	447
496	449
496	454
496	459
496	464
496	467
496	476
496	478
496	479
496	486
496	492
496	499
497	7
497	22
497	26
497	38
497	41
497	79
497	100
497	145
497	208
497	245
497	248
497	256
497	257
497	270
497	299
497	334
497	365
497	370
497	371
497	379
497	395
497	401
497	413
497	416
497	424
497	425
497	435
497	436
497	447
497	448
497	458
497	471
497	478
497	479
497	485
497	486
497	488
497	489
497	498
497	499
497	500
498	15
498	23
498	45
498	82
498	89
498	145
498	160
498	178
498	187
498	224
498	238
498	276
498	287
498	298
498	318
498	333
498	345
498	369
498	376
498	391
498	393
498	405
498	413
498	414
498	419
498	424
498	432
498	435
498	445
498	447
498	451
498	456
498	457
498	463
498	465
498	468
498	478
498	480
498	481
498	487
498	489
498	497
498	499
499	2
499	29
499	42
499	53
499	82
499	85
499	104
499	111
499	114
499	140
499	153
499	201
499	227
499	243
499	247
499	257
499	274
499	295
499	299
499	300
499	365
499	390
499	392
499	393
499	407
499	414
499	416
499	421
499	428
499	442
499	445
499	447
499	448
499	456
499	458
499	461
499	467
499	471
499	484
499	487
499	488
499	489
499	496
499	497
499	498
500	1
500	11
500	65
500	92
500	132
500	169
500	170
500	174
500	197
500	226
500	228
500	269
500	274
500	279
500	281
500	297
500	300
500	314
500	320
500	321
500	324
500	334
500	353
500	357
500	379
500	381
500	384
500	396
500	410
500	417
500	420
500	423
500	432
500	443
500	444
500	449
500	462
500	465
500	472
500	474
500	477
500	483
500	485
500	491
500	493
500	494
500	497
